image: beam_field_map.pgm
resolution: 0.05
origin: [-48.487725, -16.249208, 0.000000]
negate: 0
occupied_thresh: 0.65
free_thresh: 0.196
